35.6814879,139.7655737,20
35.68197,139.76576,20
35.68204,139.76581,20
35.68211,139.76587,20
35.68219,139.76589,20
35.68227,139.76586,20
35.68238,139.76581,20
35.68246,139.76582,20
35.6827,139.76591,20
35.6827006,139.7659145,20
35.68285,139.76532,20
35.68294,139.7651,20
35.6829413,139.7650964,20
35.68352,139.76528,20
35.68453,139.76561,20
35.68469,139.7657,20
35.6846911,139.7656986,20
35.68481,139.76577,20
35.68468,139.76639,20
35.68441,139.76769,20
35.6844135,139.7676871,20
35.68464,139.7678,20
35.68532,139.76807,20
35.68607,139.76833,20
35.68627,139.7684,20
35.6862744,139.7684028,20
35.68623,139.76862,20
35.68614,139.76905,20
35.68579,139.76964,20
35.68558,139.77001,20
35.68542,139.77027,20
35.6854,139.7703,20
35.68522,139.77129,20
35.685219,139.7712891,20
35.68511,139.77138,20
35.68503,139.77141,20
35.68489,139.77143,20
35.68472,139.77143,20
35.6847191,139.7714255,20
35.68459,139.77171,20
35.68455,139.77182,20
35.68439,139.7726,20
35.684395,139.7725959,20
35.68426,139.77348,20
35.6842,139.77395,20
35.68413,139.77444,20
35.68411,139.77469,20
35.6841,139.77493,20
35.6841,139.77508,20
35.68412,139.77523,20
35.68421,139.77597,20
35.6844,139.77713,20
35.68442,139.7773,20
35.68443,139.77744,20
35.68442,139.77758,20
35.68439,139.77774,20
35.68434,139.77787,20
35.68426,139.77804,20
35.68414,139.77816,20
35.68404,139.77822,20
35.68391,139.77828,20
35.68377,139.77831,20
35.68363,139.77829,20
35.68346,139.77822,20
35.68331,139.77813,20
35.68298,139.77789,20
35.68273,139.77775,20
35.68222,139.77746,20
35.68196,139.77735,20
35.68129,139.77693,20
35.68004,139.77619,20
35.67972,139.77602,20
35.67872,139.77537,20
35.67814,139.77503,20
35.67798,139.77495,20
35.67697,139.77431,20
35.67611,139.7738,20
35.67489,139.77305,20
35.6746,139.77288,20
35.6744,139.77276,20
35.67432,139.77272,20
35.6742,139.7727,20
35.67393,139.77269,20
35.67382,139.77268,20
35.67354,139.77266,20
35.6733,139.77264,20
35.67309,139.77258,20
35.67219,139.7723,20
35.67197,139.77223,20
35.67157,139.77204,20
35.67126,139.77185,20
35.67109,139.77178,20
35.67103,139.77173,20
35.67095,139.77166,20
35.67086,139.77158,20
35.67058,139.77127,20
35.67017,139.77079,20
35.66991,139.77049,20
35.66989,139.77047,20
35.66971,139.77024,20
35.66963,139.77014,20
35.66953,139.77003,20
35.6693,139.76974,20
35.66926,139.76969,20
35.66899,139.76936,20
35.66875,139.76909,20
35.66842,139.7687,20
35.6683,139.76856,20
35.66809,139.76832,20
35.66789,139.76809,20
35.66767,139.76784,20
35.66759,139.76777,20
35.6675,139.76772,20
35.66735,139.7677,20
35.66717,139.76766,20
35.66686,139.76761,20
35.66671,139.76755,20
35.66662,139.76749,20
35.66653,139.7674,20
35.66639,139.76723,20
35.66584,139.76653,20
35.66533,139.7659,20
35.66484,139.76545,20
35.66447,139.7651,20
35.66426,139.76488,20
35.66417,139.76478,20
35.66408,139.76467,20
35.66402,139.76457,20
35.66396,139.76447,20
35.66389,139.76432,20
35.66379,139.76409,20
35.6637,139.76389,20
35.66359,139.76361,20
35.66351,139.76336,20
35.66342,139.76315,20
35.66333,139.76299,20
35.6632,139.76279,20
35.66313,139.76268,20
35.66274,139.76229,20
35.66232,139.76194,20
35.66149,139.76129,20
35.66113,139.76101,20
35.66082,139.76075,20
35.66077,139.7607,20
35.66031,139.76035,20
35.65993,139.76006,20
35.65955,139.75977,20
35.65945,139.7597,20
35.65934,139.75964,20
35.65918,139.7596,20
35.65906,139.75959,20
35.65893,139.7596,20
35.65881,139.75963,20
35.65868,139.75968,20
35.65856,139.75975,20
35.65828,139.75993,20
35.658,139.76011,20
35.65787,139.76018,20
35.65778,139.7602,20
35.65767,139.76021,20
35.65748,139.76021,20
35.65717,139.7602,20
35.65671,139.76021,20
35.65625,139.76021,20
35.65597,139.76021,20
35.65579,139.76021,20
35.65526,139.76021,20
35.65475,139.76021,20
35.6542,139.76022,20
35.6539,139.76021,20
35.65367,139.76021,20
35.65356,139.76019,20
35.65342,139.76015,20
35.65338,139.76014,20
35.6533,139.76012,20
35.65322,139.76007,20
35.65314,139.76002,20
35.65311,139.76001,20
35.65306,139.75996,20
35.653,139.75989,20
35.65294,139.75982,20
35.65288,139.75975,20
35.65282,139.75964,20
35.65278,139.75953,20
35.65273,139.75937,20
35.6527,139.75922,20
35.65269,139.75905,20
35.65269,139.75878,20
35.65276,139.75796,20
35.6528,139.75743,20
35.65282,139.75717,20
35.65289,139.7564,20
35.65291,139.75615,20
35.65296,139.75554,20
35.65301,139.75504,20
35.65305,139.75461,20
35.6531,139.75418,20
35.65316,139.75378,20
35.65326,139.75315,20
35.65335,139.75263,20
35.65342,139.75226,20
35.65353,139.75161,20
35.65356,139.75142,20
35.65358,139.75117,20
35.65356,139.75098,20
35.65354,139.75075,20
35.65347,139.75056,20
35.65336,139.7503,20
35.65319,139.74995,20
35.6531,139.74975,20
35.65306,139.74956,20
35.65301,139.74927,20
35.65301,139.74919,20
35.65301,139.74898,20
35.65304,139.74875,20
35.65307,139.74843,20
35.65311,139.74812,20
35.65318,139.74766,20
35.65325,139.74731,20
35.65331,139.74711,20
35.65339,139.74695,20
35.65345,139.74684,20
35.65349,139.74677,20
35.65356,139.74667,20
35.65369,139.74654,20
35.65399,139.74626,20
35.65423,139.74603,20
35.65435,139.74591,20
35.65444,139.74578,20
35.65451,139.74564,20
35.65458,139.74549,20
35.65463,139.74535,20
35.65466,139.74521,20
35.65468,139.74505,20
35.65478,139.74385,20
35.65488,139.74281,20
35.65494,139.74217,20
35.65499,139.74187,20
35.65506,139.74156,20
35.65522,139.74095,20
35.65537,139.74039,20
35.65541,139.74019,20
35.65543,139.74003,20
35.65547,139.73968,20
35.65552,139.73918,20
35.65558,139.73869,20
35.65563,139.73835,20
35.65567,139.73816,20
35.65574,139.73796,20
35.6558,139.7378,20
35.65591,139.73766,20
35.65599,139.73755,20
35.65611,139.73745,20
35.6562,139.73738,20
35.65639,139.73727,20
35.6566,139.73714,20
35.65731,139.73672,20
35.65755,139.7366,20
35.65793,139.73644,20
35.65799,139.73643,20
35.6579899,139.7364289,20
35.65814,139.73639,20
35.6583,139.73639,20
35.65845,139.73639,20
35.6586,139.73642,20
35.65879,139.73645,20
35.65925,139.73655,20
35.6594,139.73658,20
35.65948,139.73657,20
35.6594802,139.7365652,20
35.65965,139.73571,20
35.6598,139.73452,20
35.6598043,139.7345201,20
35.65798,139.73401,20
35.65779,139.73394,20
35.65747,139.73382,20
35.65725,139.73375,20
35.65705,139.73367,20
35.6570546,139.7336678,20
35.65718,139.73345,20
35.65728,139.7333,20
35.6574,139.73313,20
35.65749,139.73302,20
35.6576,139.73292,20
35.65777,139.73277,20
35.65794,139.73266,20
35.65806,139.7326,20
35.6582,139.73254,20
35.65836,139.73251,20
35.65931,139.73217,20
35.65946,139.73212,20
35.65952,139.73211,20
35.65966,139.73207,20
35.65978,139.73202,20
35.65987,139.73199,20
35.65999,139.73192,20
35.66007,139.73186,20
35.66021,139.73175,20
35.66038,139.73153,20
35.66044,139.73143,20
35.66055,139.73121,20
35.66063,139.73103,20
35.66069,139.73086,20
35.660693,139.7308613,20
35.66067,139.73076,20
35.6607,139.73057,20
35.66074,139.7304,20
35.66085,139.73002,20
35.66092,139.72981,20
35.6609185,139.7298113,20
35.66104,139.72945,20
35.66114,139.72913,20
35.66122,139.72894,20
35.66139,139.72863,20
35.6613873,139.7286342,20
35.66147,139.72851,20
35.66152,139.72842,20
35.66162,139.72862,20
35.66212,139.7296,20
35.66274,139.73096,20
35.66293,139.73141,20
35.66331,139.73221,20
35.66368,139.73296,20
35.66411,139.7338,20
35.66417,139.73393,20
35.66419,139.73395,20
35.66497,139.73543,20
35.66508,139.73566,20
35.6655,139.73643,20
35.66586,139.73708,20
35.66602,139.73734,20
35.66695,139.73871,20
35.667,139.73877,20
35.666998,139.7387695,20
35.6671,139.73905,20
35.66735,139.73933,20
35.66753,139.73952,20
35.66798,139.73993,20
35.66817,139.7401,20
35.6681737,139.7400988,20
35.66836,139.74011,20
35.66852,139.74026,20
35.66871,139.74042,20
35.66896,139.74066,20
35.66949,139.74113,20
35.66972,139.74136,20
35.66989,139.74156,20
35.66991,139.74159,20
35.67034,139.74206,20
35.67052,139.74226,20
35.67076,139.7425,20
35.67095,139.7427,20
35.67106,139.74281,20
35.67135,139.7431,20
35.67143,139.74318,20
35.67157,139.74335,20
35.67165,139.74345,20
35.67171,139.74356,20
35.67177,139.74365,20
35.67178,139.7437,20
35.67184,139.74383,20
35.67189,139.74397,20
35.67195,139.74421,20
35.672,139.7444,20
35.67208,139.74483,20
35.67214,139.74514,20
35.67217,139.74533,20
35.67225,139.7456,20
35.67232,139.74581,20
35.6724,139.74601,20
35.67254,139.74626,20
35.6728,139.74658,20
35.67294,139.74673,20
35.67298,139.74677,20
35.67321,139.74701,20
35.67351,139.74733,20
35.67372,139.74753,20
35.67387,139.74764,20
35.67396,139.7477,20
35.67409,139.74778,20
35.67413,139.74779,20
35.67423,139.74786,20
35.67571,139.74885,20
35.67637,139.74929,20
35.67651,139.74939,20
35.67657,139.74942,20
35.67662,139.74944,20
35.67667,139.74945,20
35.67674,139.74946,20
35.676738,139.7494613,20
35.6768,139.74952,20
35.67686,139.74956,20
35.67691,139.74962,20
35.67701,139.74972,20
35.67709,139.74987,20
35.67718,139.75002,20
35.67725,139.75018,20
35.67727,139.7503,20
35.67728,139.75057,20
35.6772841,139.7505748,20
35.67729,139.75107,20
35.67738,139.75156,20
35.67765,139.75242,20
35.67779,139.75302,20
35.67781,139.75322,20
35.6778,139.7534,20
35.67778,139.75352,20
35.67772,139.75372,20
35.67681,139.75585,20
35.67676,139.75599,20
35.6758,139.75837,20
35.6758031,139.7583698,20
35.67573,139.75861,20
35.67545,139.75935,20
35.67539,139.75952,20
35.67537,139.75957,20
35.67537,139.75964,20
35.67538,139.75971,20
35.6754,139.75978,20
35.67847,139.76089,20
35.6784695,139.7608924,20
35.67855,139.76107,20
35.67841,139.76172,20
35.6783,139.76224,20
35.67804,139.76344,20
35.67769,139.76507,20
35.677692,139.7650738,20
35.67917,139.76561,20
35.67943,139.76568,20
35.67955,139.76566,20
35.67969,139.76561,20
35.68019,139.76528,20
35.68024,139.7652,20
35.68028,139.76503,20
35.6802842,139.7650282,20
35.68043,139.76502,20
35.68052,139.76499,20
35.6806,139.76497,20
35.6807,139.76491,20
35.68078,139.76486,20
35.68096,139.76474,20
35.68102,139.76472,20
35.68117,139.76479,20
35.6812,139.76486,20
35.6812,139.76493,20
35.68115,139.76509,20
35.68114,139.76516,20
35.68111,139.76528,20
35.68105,139.76555,20
35.68102,139.76557,20
35.681023,139.7655692,20
